ks_quality_p_value	fisher_strand_p_value	bias_p_value	bias_e_value
1	2.23511e-24	1.23954e-22	5.17186e-18
1	4.97673e-55	6.27254e-53	2.61716e-48
1	4.50915e-38	3.9226e-36	1.63667e-31
1	3.52281e-49	3.96553e-47	1.65458e-42
1	0.259087	0.609007	25410.2
1	1.89922e-63	2.76187e-61	1.15236e-56
1	0.0002763	0.00254031	105.992
1	8.35505e-43	8.17861e-41	3.41244e-36
1	2.98109e-47	3.22342e-45	1.34494e-40
1	2.21798e-56	2.86448e-54	1.19518e-49
1	0.0157871	0.0812808	3391.36
1	4.04355e-62	5.75653e-60	2.40186e-55
1	4.3495e-78	7.79133e-76	3.25085e-71
1	8.29643e-160	3.04726e-157	1.27144e-152
1	6.94728e-62	9.85276e-60	4.11097e-55
1	1.38438e-85	2.71884e-83	1.13441e-78
1	4.51717e-84	8.71405e-82	3.63585e-77
1	8.33006e-80	1.52513e-77	6.36344e-73
1	2.18047e-96	4.8247e-94	2.01306e-89
1	1.6228e-182	6.80903e-180	2.841e-175
1	1.37373e-37	1.17973e-35	4.92231e-31
1	1.429e-40	1.32535e-38	5.52987e-34
1	1.34239e-73	2.26588e-71	9.45414e-67
1	6.11518e-108	1.51576e-105	6.32436e-101
1	3.71312e-141	1.20436e-138	5.02507e-134
1	4.13045e-129	1.22515e-126	5.11183e-122
1	3.41138e-167	1.31101e-164	5.47005e-160
1	6.69756e-45	6.87937e-43	2.87035e-38
1	1.1832e-136	3.71504e-134	1.55006e-129
1	1.68396e-104	4.04063e-102	1.68591e-97
1	5.42427e-154	1.91969e-151	8.00971e-147
1	4.64368e-64	6.81831e-62	2.84487e-57
1	1.29395792645822e-320	9.54384137743307e-318	3.98207000001264e-313
1	1.60758e-226	8.37402e-224	3.49397e-219
1	2.88568e-73	4.84878e-71	2.02311e-66
1	7.2896e-163	2.72875e-160	1.13854e-155
1	2.72231e-52	3.2595e-50	1.36e-45
1	4.53273e-201	2.09552e-198	8.74335e-194
1	4.19186e-48	4.61486e-46	1.9255e-41
1	0	0	0
1	2.10174e-204	9.87786e-202	4.12144e-197
1	1.13618e-150	3.93415e-148	1.64148e-143
1	7.05697e-52	8.3823e-50	3.49743e-45
1	3.50265e-248	1.99927e-245	8.34175e-241
1	0	0	0
1	0	0	0
1	0	0	0
1	4.79347e-210	2.31513e-207	9.65964e-203
1	6.57195e-73	1.09887e-70	4.58492e-66
1	0.000352182	0.00315251	131.535
1	2.93965e-92	6.22498e-90	2.59731e-85
0.927907	0.0397111	0.158482	6612.51
0.989723	0.133092	0.398734	16636.8
1	8.26119e-28	5.23436e-26	2.18398e-21
1	1.8378e-35	1.48828e-33	6.20971e-29
1	9.17958e-35	7.28616e-33	3.04008e-28
0.984219	0.0680369	0.248006	10347.8
1	0.00668891	0.0401823	1676.57
1	0.00848478	0.0489528	2042.51
1	0.0323714	0.143421	5984.1
0.962232	1	0.999278	41693.9
0.846385	0.0100738	0.0491507	2050.76
1	0.00156001	0.0116424	485.769
1	1.29443e-51	1.52968e-49	6.38244e-45
1	7.90449e-57	1.02901e-54	4.29342e-50
1	8.42746e-86	1.65929e-83	6.92322e-79
1	3.97192e-76	6.93566e-74	2.89383e-69
1	1.08526e-34	8.59593e-33	3.58657e-28
1	5.9157e-09	1.17993e-07	0.00492312
1	1.2513e-17	4.99515e-16	2.08418e-11
1	3.54066e-19	1.53965e-17	6.42404e-13
1	5.6935e-41	5.33291e-39	2.2251e-34
1	0.0334758	0.147191	6141.39
1	1.02593e-25	6.00569e-24	2.50581e-19
1	1.0862e-35	8.85334e-34	3.69397e-29
1	2.67483e-37	2.27927e-35	9.51002e-31
1	5.9459e-25	3.3762e-23	1.40869e-18
1	1.3224e-277	8.44403e-275	3.52319e-270
1	2.25241e-77	3.99774e-75	1.66802e-70
1	0.163954	0.46041	19210.1
0.0825903	0.00638308	0.00450632	188.022
1	1.29692e-69	2.07012e-67	8.63737e-63
0.952731	0.0624709	0.227446	9489.98
0.941282	0.727392	0.94404	39389.1
0.986137	0.289865	0.643812	26862.4
1	5.00093e-05	0.000545266	22.7507
0.997412	0.277449	0.632249	26380
0.9981	1	0.999998	41723.9
1	6.48709e-196	2.92203e-193	1.21919e-188
1	3.35704e-61	4.70814e-59	1.96442e-54
1	0.00414705	0.0268951	1122.17
1	0.0194529	0.0960928	4009.38
1	0.0361851	0.156287	6520.93
1	5.41335e-13	1.58312e-11	6.60542e-07
1	7.12192e-49	7.96682e-47	3.32408e-42
1	5.7197e-05	0.000615955	25.7001
1	2.24391e-307	1.58663e-304	6.62007e-300
1	0.218389	0.550663	22975.9
1	4.34586e-24	2.38122e-22	9.93539e-18
1	2.124e-27	1.32572e-25	5.53145e-21
0.81198	0.565302	0.816437	34065
1	0.0630677	0.237358	9903.53
1	0.754782	0.967122	40352.2
1	4.92982e-42	4.73822e-40	1.97697e-35
1	1.80523e-116	4.82917e-114	2.01492e-109
1	6.59211e-73	1.10222e-70	4.5989e-66
1	2.74473e-65	4.10772e-63	1.7139e-58
1	3.45134e-84	6.66724e-82	2.78184e-77
1	5.48638e-72	9.05712e-70	3.77899e-65
1	2.12866e-97	4.75958e-95	1.98589e-90
1	3.21718e-40	2.95771e-38	1.23407e-33
0.935586	0.501131	0.823991	34380.2
1	4.00358e-72	6.62187e-70	2.76291e-65
1	1.90307e-64	2.81126e-62	1.17297e-57
0.921496	0.504172	0.820747	34244.8
1	1.86613e-52	2.24142e-50	9.35212e-46
1	5.55839e-49	6.23158e-47	2.60007e-42
1	1.45279e-53	1.78204e-51	7.4354e-47
1	3.70176e-45	3.8242e-43	1.59561e-38
1	3.02184e-55	3.82372e-53	1.59541e-48
1	1.8014e-25	1.04438e-23	4.35759e-19
1	2.06202e-13	6.22934e-12	2.59913e-07
1	2.12879e-22	1.08358e-20	4.52115e-16
1	8.53123e-16	3.04545e-14	1.27068e-09
1	7.02069e-15	2.35825e-13	9.83954e-09
1	0.631335	0.921698	38456.9
1	0.646073	0.928305	38732.6
0.955874	0.501032	0.831514	34694.1
1	2.19528e-77	3.89691e-75	1.62595e-70
0.967394	0.0174516	0.0857884	3579.43
1	1.40235e-29	9.45699e-28	3.94584e-23
1	4.75989e-51	5.56297e-49	2.32109e-44
1	2.33057e-43	2.31111e-41	9.64289e-37
1	3.12823e-82	5.90208e-80	2.46258e-75
1	1.08462e-71	1.78315e-69	7.44e-65
1	1.1328e-92	2.40962e-90	1.00539e-85
1	8.95951e-116	2.3824e-113	9.94031e-109
1	5.86792e-35	4.68383e-33	1.95428e-28
1	5.12843e-47	5.51751e-45	2.30212e-40
1	1.04394e-07	1.78253e-06	0.0743743
1	5.99903e-52	7.13542e-50	2.97718e-45
0.743131	2.02658e-07	2.51635e-06	0.104992
1	3.33167e-26	1.9878e-24	8.2939e-20
1	2.53608e-06	3.52132e-05	1.46924
1	7.53442e-17	2.87246e-15	1.1985e-10
1	5.05737e-05	0.000550852	22.9838
0.993589	0.258474	0.605932	25281.9
1	5.41648e-39	4.8267e-37	2.01389e-32
0.981942	0.29693	0.650921	27159
0.959628	0.141097	0.406136	16945.6
0.990932	0.706251	0.949618	39621.8
0.760445	0.0385308	0.132736	5538.26
1	0.0252889	0.118286	4935.36
1	5.76799e-42	5.53475e-40	2.30932e-35
1	1.56963e-11	4.06182e-10	1.69475e-05
1	0.00024249	0.00226111	94.3427
1	7.87176e-53	9.52276e-51	3.97328e-46
1	0	0	0
1	9.45916e-72	1.5564e-69	6.49393e-65
1	1.54835e-74	2.64697e-72	1.10442e-67
1	1	1	41724
1	0.11659	0.367154	15319.1
0.990711	1	0.999957	41722.2
1	0.000564227	0.00478468	199.636
1	0.073302	0.264852	11050.7
0.982222	0.473451	0.821085	34259
0.0592084	1	0.226572	9453.5
0.993707	0.620343	0.91467	38163.7
0.961378	0.111115	0.345742	14425.7
1	0.00359107	0.0238063	993.295
0.988605	0.305463	0.663572	27686.9
1	1.44151e-20	6.72984e-19	2.80796e-14
1	0.0359153	0.155391	6483.53
0.971728	0.147452	0.421672	17593.8
1	0.00864854	0.0497323	2075.03
1	0.693765	0.947421	39530.2
0.970236	0.539871	0.862514	35987.5
1	8.31559e-45	8.52333e-43	3.55628e-38
0.853555	0.0500402	0.177395	7401.63
1	3.82115e-33	2.8905e-31	1.20603e-26
1	3.22905e-27	2.00194e-25	8.35288e-21
1	6.16896e-45	6.34149e-43	2.64592e-38
1	6.91096e-28	4.39118e-26	1.83217e-21
1	1.17698e-25	6.87374e-24	2.868e-19
1	2.59482e-45	2.68986e-43	1.12232e-38
1	0.0885486	0.303209	12651.1
1	0.163894	0.460302	19205.7
0.984643	0.596551	0.89992	37548.3
1	1.45203e-47	1.58051e-45	6.59451e-41
1	4.35102e-98	9.79775e-96	4.08802e-91
1	2.60329e-55	3.29798e-53	1.37605e-48
1	8.39869e-12	2.2259e-10	9.28735e-06
1	1.34768e-19	5.99054e-18	2.49949e-13
1	1.09617e-42	1.07005e-40	4.46467e-36
1	4.17743e-32	3.0601e-30	1.27679e-25
1	1.95164e-22	9.95105e-21	4.15197e-16
1	1.56548e-34	1.23422e-32	5.14967e-28
1	0.000379924	0.00337203	140.695
1	3.81488e-44	3.85207e-42	1.60724e-37
1	5.99388e-05	0.000642675	26.815
1	7.28679e-190	3.18072e-187	1.32712e-182
1	1.59801e-160	5.89578e-158	2.45996e-153
1	1.50261e-129	4.47215e-127	1.86596e-122
1	4.45191e-281	2.87831e-278	1.20095e-273
1	3.92687e-132	1.19209e-129	4.97389e-125
1	0	0	0
1	8.05363e-293	5.4247e-290	2.2634e-285
1	2.44711e-254	1.43146e-251	5.97264e-247
1	7.70072e-265	4.69085e-262	1.95721e-257
1	5.77628e-174	2.30991e-171	9.63788e-167
1	6.62902e-273	4.16113e-270	1.73619e-265
1	7.68442e-96	1.69064e-93	7.05403e-89
1	7.20752e-166	2.74789e-163	1.14653e-158
1	8.64407e-154	3.05517e-151	1.27474e-146
1	1.46571e-183	6.18518e-181	2.5807e-176
1	9.91364e-177	4.02755e-174	1.68046e-169
1	1.20877e-181	5.04756e-179	2.10604e-174
1	1.4445e-293	9.75455999999999e-291	4.06999e-286
1	6.58944e-78	1.17764e-75	4.91358e-71
1	6.30523e-53	7.64166e-51	3.18841e-46
1	1.77505e-65	2.66425e-63	1.11163e-58
1	2.1736e-232	1.16162e-229	4.84674e-225
1	2.77474e-282	1.80166e-279	7.51726e-275
1	6.01952e-181	2.50396e-178	1.04475e-173
1	5.8899e-22	2.9381e-20	1.22589e-15
1	1.87541e-95	4.10935e-93	1.71458e-88
1	1.18129e-74	2.02267e-72	8.43938e-68
1	8.88453e-54	1.09418e-51	4.56534e-47
1	6.16805e-46	6.48259e-44	2.7048e-39
1	3.79605e-40	3.48361e-38	1.4535e-33
1	1.69243e-126	4.91821e-124	2.05207e-119
1	2.49713e-100	5.75198e-98	2.39996e-93
1	2.083e-132	6.33663e-130	2.64389e-125
1	3.47049e-39	3.10805e-37	1.2968e-32
1	8.66321e-81	1.60573e-78	6.69974e-74
1	1.3982e-44	1.42587e-42	5.9493e-38
1	4.18411e-51	4.89543e-49	2.04257e-44
0.987715	0.0149244	0.076906	3208.82
0.990931	1	0.999959	41722.3
1	0.206736	0.532616	22222.9
0.143863	0.0233261	0.0224738	937.697
1	0.0378444	0.161757	6749.17
1	3.45102e-41	3.24974e-39	1.35592e-34
1	1.11024e-92	2.36184e-90	9.85456e-86
1	3.80709e-07	6.00806e-06	0.25068
1	2.16706e-34	1.70146e-32	7.09916e-28
1	1.9599e-63	2.8495e-61	1.18892e-56
1	5.19887e-58	6.90938e-56	2.88287e-51
1	1.03907e-24	5.84204e-23	2.43753e-18
1	2.9396e-74	5.00652e-72	2.08892e-67
1	7.62039e-113	1.97491e-110	8.24011e-106
1	4.80928e-16	1.74436e-14	7.27819e-10
1	1.50457e-57	1.98361e-55	8.2764e-51
1	1.25092e-24	7.00994e-23	2.92483e-18
1	1.32041e-38	1.16487e-36	4.86028e-32
1	3.54051e-12	9.68922e-11	4.04273e-06
1	4.07515e-32	2.98618e-30	1.24595e-25
1	1.27139e-38	1.12211e-36	4.68188e-32
1	2.51013e-41	2.37171e-39	9.89573e-35
1	3.11212e-14	9.99018e-13	4.1683e-08
1	8.67792e-26	5.0945e-24	2.12563e-19
1	2.31667e-48	2.56419e-46	1.06988e-41
1	0.0714972	0.260114	10853
1	2.56019e-46	2.71326e-44	1.13208e-39
0.99299	0.0300779	0.13473	5621.48
0.99299	0.0300779	0.13473	5621.48
0.99299	0.0300779	0.13473	5621.48
0.99299	0.0300779	0.13473	5621.48
1	0.0770352	0.274514	11453.8
0.984755	0.262766	0.608566	25391.8
0.820367	0.713559	0.898848	37503.5
1	0.00885109	0.0506921	2115.08
0.747929	3.36648e-06	3.49788e-05	1.45945
1	1	1	41724
1	1.73471e-78	3.12335e-76	1.30319e-71
0.98988	1	0.999949	41721.9
0.980887	1	0.999816	41716.3
1	0.00370759	0.0244604	1020.58
1	0	0	0
1	3.48298e-152	1.21815e-149	5.08263e-145
1	4.91762e-169	1.91071e-166	7.97226e-162
1	5.99565e-131	1.80378e-128	7.52607e-124
1	8.19267e-154	2.89607e-151	1.20835e-146
1	6.56749e-125	1.88448e-122	7.86282e-118
1	0	0	0
1	6.56819e-194	2.92823e-191	1.22177e-186
1	0	0	0
1	5.25931e-76	9.1689e-74	3.82563e-69
1	1.0641e-80	1.97012e-78	8.22013e-74
1	3.74626e-36	3.09337e-34	1.29068e-29
1	7.7872e-308	5.51446e-305	2.30085e-300
1	1.77647e-155	6.34779e-153	2.64855e-148
1	7.45883e-260	4.45787e-257	1.86e-252
1	1.52251e-63	2.21742e-61	9.25195e-57
1	4.69292e-59	6.34983e-57	2.6494e-52
1	5.86452e-43	5.76143e-41	2.4039e-36
1	9.45264e-128	2.7742e-125	1.15751e-120
1	9.16402e-59	1.23382e-56	5.14798e-52
1	6.97059e-180	2.8825e-177	1.2027e-172
1	2.8274e-145	9.43888e-143	3.93828e-138
1	8.98171e-87	1.78852e-84	7.46244e-80
1	6.52352e-145	2.17233e-142	9.06382e-138
1	4.25032e-122	1.19208e-119	4.97383e-115
1	2.62781e-102	6.17267e-100	2.57548e-95
1	1.16236e-35	9.46628e-34	3.94971e-29
1	7.60815e-52	9.03127e-50	3.76821e-45
1	5.17245e-78	9.25653e-76	3.8622e-71
1	9.20872e-21	4.34045e-19	1.81101e-14
1	2.96992e-42	2.86954e-40	1.19729e-35
1	3.36919e-40	3.0959e-38	1.29173e-33
1	1.75983e-15	6.15476e-14	2.56801e-09
1	0.000587191	0.00495599	206.784
1	2.86366e-72	4.74606e-70	1.98025e-65
1	3.85232e-18	1.58322e-16	6.60583e-12
1	9.49777e-35	7.53548e-33	3.1441e-28
1	3.91422e-41	3.68098e-39	1.53585e-34
1	0.00473165	0.0300625	1254.33
1	0.377137	0.744901	31080.2
0.950854	0.706258	0.938938	39176.3
1	3.50691e-80	6.45104e-78	2.69163e-73
1	1.53969e-100	3.55403e-98	1.48288e-93
1	9.93423e-297	6.78083e-294	2.82923e-289
1	0	0	0
1	1.51841e-302	1.05676e-299	4.40921e-295
1	2.08038e-111	5.32274e-109	2.22086e-104
1	1.05204e-94	2.28704e-92	9.54246e-88
1	0.00022817	0.00214147	89.3506
1	3.56223e-33	2.69714e-31	1.12535e-26
0.994256	0.0509559	0.201769	8418.61
1	4.83313e-38	4.20109e-36	1.75286e-31
1	5.76497e-20	2.61153e-18	1.08963e-13
1	2.74716e-35	2.21366e-33	9.23626e-29
1	2.18097e-70	3.52011e-68	1.46873e-63
1	2.46093e-42	2.38237e-40	9.94022e-36
1	2.49077e-68	3.90212e-66	1.62812e-61
1	1.44849e-49	1.6434e-47	6.85691e-43
1	3.04451e-77	5.39443e-75	2.25077e-70
1	2.86427e-46	3.03231e-44	1.2652e-39
1	1.51798e-190	6.64988e-188	2.77459e-183
1	1	1	41724
0.932192	0.0486755	0.18571	7748.57
1	2.23966e-57	2.94383e-55	1.22828e-50
1	3.17186e-18	1.30973e-16	5.46471e-12
0.986382	0.167287	0.462315	19289.6
1	0.527428	0.864846	36084.8
1	0.13572	0.406774	16972.2
0.997431	1	0.999997	41723.9
1	0.58828	0.900393	37568
1	8.21905e-19	3.50482e-17	1.46235e-12
1	0.0146882	0.0766827	3199.51
1	0.000225878	0.00212224	88.5484
0.717223	0.0696524	0.199656	8330.43
0.984855	0.0598088	0.225708	9417.44
1	1.36404e-53	1.67404e-51	6.98478e-47
1	0.0628983	0.23689	9883.99
1	1.12839e-48	1.25706e-46	5.24496e-42
0.987722	1	0.999924	41720.8
0.979076	0.500661	0.839673	35034.5
1	2.26388e-35	1.82861e-33	7.6297e-29
1	8.25719e-23	4.28122e-21	1.7863e-16
1	3.73122e-18	1.53464e-16	6.40315e-12
1	2.41312e-61	3.39229e-59	1.4154e-54
1	1.78548e-105	4.32428e-103	1.80426e-98
1	3.03605e-69	4.82027e-67	2.01121e-62
1	5.34753e-129	1.58478e-126	6.61232e-122
1	5.93119e-55	7.46511e-53	3.11474e-48
1	1.29575e-109	3.2617e-107	1.36091e-102
1	2.69016e-17	1.05331e-15	4.39485e-11
1	1.82943e-32	1.35522e-30	5.65452e-26
1	4.86294e-67	7.47393e-65	3.11842e-60
1	8.74102e-123	2.46541e-120	1.02867e-115
1	3.99758e-67	6.15178e-65	2.56677e-60
1	1.40298e-55	1.78605e-53	7.45211e-49
1	5.9599e-99	1.35391e-96	5.64907e-92
1	7.19895e-53	8.71527e-51	3.63636e-46
1	7.84235e-209	3.76575e-206	1.57122e-201
1	3.99102e-65	5.95795e-63	2.48589e-58
1	5.84371e-08	1.03173e-06	0.0430477
1	0	0	0
1	8.02407e-115	2.11607e-112	8.82908e-108
1	4.14883e-171	1.63181e-168	6.80858e-164
1	1.69358e-79	3.08871e-77	1.28873e-72
1	4.77728e-150	1.64732e-147	6.87328e-143
1	0.00395542	0.0258395	1078.13
1	0.000403579	0.0035576	148.438
1	5.83073e-227	3.04319e-224	1.26974e-219
0.977638	0.506809	0.843417	35190.7
1	0.000653899	0.00544865	227.34
0.991721	1	0.999966	41722.6
1	1	1	41724
0.995852	0.178971	0.485618	20261.9
1	0.000968221	0.00768772	320.763
1	1	1	41724
1	7.43983e-49	8.31921e-47	3.47111e-42
1	6.07643e-32	4.4284e-30	1.84771e-25
1	1.47389e-44	1.50228e-42	6.2681e-38
1	1.61053e-55	2.04804e-53	8.54523e-49
1	9.26541e-35	7.35342e-33	3.06814e-28
1	3.25891e-54	4.0462e-52	1.68824e-47
1	4.30846e-60	5.93251e-58	2.47528e-53
1	2.49838e-53	3.05105e-51	1.27302e-46
1	4.658e-108	1.15584e-105	4.82262e-101
1	2.98246e-51	3.49959e-49	1.46017e-44
1	1.07697e-73	1.82024e-71	7.59475e-67
1	1.52794e-107	3.77328e-105	1.57436e-100
1	3.32238e-76	5.80738e-74	2.42307e-69
1	2.49619e-54	3.10588e-52	1.2959e-47
1	3.74286e-50	4.29716e-48	1.79295e-43
1	2.29406e-93	4.9164e-91	2.05132e-86
1	1.02839e-84	1.99907e-82	8.34092e-78
1	1.41295e-94	3.06747e-92	1.27987e-87
1	1.38154e-129	4.11298e-127	1.7161e-122
1	4.55124e-124	1.29713e-121	5.41213e-117
0.796351	0.0345974	0.126509	5278.45
1	2.43697e-35	1.96663e-33	8.20555e-29
0.0603602	9.74279e-06	9.02486e-06	0.376553
1	5.76697e-90	1.19077e-87	4.96836e-83
1	9.46254e-77	1.6659e-74	6.95078e-70
1	2.6856e-74	4.57635e-72	1.90944e-67
1	4.3695e-57	5.71411e-55	2.38416e-50
1	4.01148e-47	4.32568e-45	1.80485e-40
1	1.77104e-55	2.25047e-53	9.38985e-49
1	1.2818e-65	1.92808e-63	8.04474e-59
1	1.28809e-40	1.19599e-38	4.99015e-34
1	0.62517	0.918832	38337.3
1	3.10441e-47	3.35552e-45	1.40006e-40
1	3.45026e-05	0.000388998	16.2306
1	1.30178e-29	8.78849e-28	3.66691e-23
1	5.79256e-15	1.95685e-13	8.16478e-09
1	1.38118e-18	5.81801e-17	2.42751e-12
1	8.2529e-22	4.08901e-20	1.7061e-15
1	8.79169e-47	9.4113e-45	3.92677e-40
1	2.16714e-15	7.53415e-14	3.14355e-09
1	9.06744e-46	9.4949e-44	3.96165e-39
1	1.11824e-31	8.08135e-30	3.37186e-25
1	4.96204e-34	3.85482e-32	1.60838e-27
1	1.41877e-11	3.68577e-10	1.53785e-05
1	1.26541e-48	1.40825e-46	5.8758e-42
1	1.60099e-16	5.983e-15	2.49635e-10
1	4.08318e-53	4.96638e-51	2.07217e-46
1	8.39165e-51	9.75987e-49	4.07221e-44
1	3.95584e-31	2.80884e-29	1.17196e-24
1	7.82142e-32	5.68037e-30	2.37008e-25
1	1.6867e-06	2.41075e-05	1.00586
1	1.8235e-64	2.69449e-62	1.12425e-57
1	3.61358e-49	4.06679e-47	1.69683e-42
1	1.17802e-37	1.01347e-35	4.22861e-31
1	1.36326e-40	1.26502e-38	5.27817e-34
1	2.63094e-42	2.5452e-40	1.06196e-35
1	6.41279e-52	7.62328e-50	3.18074e-45
1	2.0346e-52	2.44202e-50	1.01891e-45
1	1.9193e-27	1.19991e-25	5.00649e-21
1	1.37526e-07	2.31037e-06	0.0963978
1	3.36043e-88	6.80202e-86	2.83808e-81
1	9.22376e-08	1.58639e-06	0.0661903
1	2.89715e-47	3.13349e-45	1.30742e-40
1	8.92639e-63	1.28427e-60	5.3585e-56
1	5.94361e-148	2.02083e-145	8.43171e-141
1	6.87094e-54	8.47958e-52	3.53802e-47
1	2.9981e-150	1.03521e-147	4.31933e-143
1	1.0988e-124	3.14727e-122	1.31316e-117
1	4.68434e-78	8.38765e-76	3.49966e-71
1	1.11349e-141	3.62505e-139	1.51251e-134
1	1.74898e-125	5.04168e-123	2.10359e-118
1	1.52119e-201	7.04918e-199	2.9412e-194
1	2.77574e-110	7.02994e-108	2.93317e-103
1	6.17865e-171	2.42772e-168	1.01294e-163
1	1.49562e-138	4.76137e-136	1.98663e-131
1	0.379975	0.747657	31195.3
1	0	0	0
9.8385e-23	9.25766e-49	1.47802e-68	6.16689e-64
0.0794839	0.00154948	0.00123184	51.3971
0.000958184	0.0261847	0.000290867	12.1361
1	1	1	41724
1	2.7875e-129	8.2791e-127	3.45437e-122
1	9.84714e-122	2.75354e-119	1.14889e-114
1	1.06065e-231	5.65157e-229	2.35806e-224
0.883141	0.0740958	0.243862	10174.9
1	0.0755327	0.270648	11292.5
1	6.22637e-12	1.66881e-10	6.96293e-06
1	1.12969e-65	1.70071e-63	7.09602e-59
0.989146	0.252982	0.596901	24905.1
